0 34 18
1 18 18
2 27 18
3 38 20
4 38 17
5 38 19
6 32 19
7 35 17
8 32 19
9 40 20
10 35 18
11 39 20
12 37 20
13 44 19
14 49 19
15 39 18
16 38 19
17 32 18
18 45 19
19 39 20
20 38 18
21 41 19
22 65 19
23 35 18
24 40 18
25 43 21
26 62 18
27 41 19
28 42 18
29 50 20
30 48 18
31 48 16
32 38 19
33 38 21
34 39 20
35 46 19
36 47 17
37 56 20
38 53 19
39 46 18
40 48 18
41 55 19
42 45 17
43 50 20
44 42 18
45 44 20
46 49 18
47 48 17
48 60 19
49 54 20
50 49 20
51 49 19
52 51 18
53 65 19
54 52 19
55 52 18
56 56 19
57 52 19
58 51 18
59 56 19
60 57 20
61 58 19
62 59 18
63 61 18
64 68 19
65 62 19
66 60 20
67 61 18
68 62 18
69 66 19
70 62 19
71 50 16
72 67 21
73 68 19
74 62 19
75 65 19
76 64 19
77 57 18
78 69 18
79 72 17
80 70 19
81 66 20
82 65 20
83 72 19
84 71 17
85 73 19
86 64 20
87 66 17
88 77 19
89 77 18
90 66 18
91 74 20
92 75 19
93 67 19
94 61 17
95 58 17
96 60 20
97 62 20
98 62 18
99 63 20
100 59 19
