0 73
1 41
2 276
3 208
4 252
5 258
6 221
7 225
8 289
9 279
10 283
11 307
12 281
13 300
14 301
15 299
16 354
17 336
18 342
19 362
20 360
21 367
22 359
23 375
24 351
25 361
26 384
27 377
28 366
29 365
30 13598
31 387
32 409
33 389
34 404
35 405
36 391
37 399
38 418
39 416
40 386
41 403
42 400
43 417
44 402
45 428
46 423
47 456
48 402
49 409
50 414
51 418
52 409
53 430
54 429
55 423
56 406
57 415
58 435
59 424
60 408
61 416
62 431
63 416
64 455
65 456
66 445
67 469
68 449
69 468
70 460
71 474
72 456
73 487
74 461
75 483
76 471
77 474
78 481
79 494
80 450
81 460
82 469
83 476
84 469
85 471
86 468
87 499
88 466
89 486
90 495
91 486
92 480
93 492
94 503
95 534
96 529
97 507
98 504
99 502
100 468
101 498
102 484
103 500
104 490
105 483
106 480
107 506
108 492
109 492
110 490
111 497
112 471
113 505
114 486
115 497
116 490
117 503
118 481
119 495
120 479
121 489
122 488
123 522
124 480
125 495
126 495
127 506
128 531
129 510
130 508
131 545
132 510
133 540
134 525
135 540
136 515
137 525
138 536
139 535
140 519
141 547
142 541
143 563
144 512
145 525
146 539
147 554
148 523
149 548
150 577
151 551
152 532
153 559
154 549
155 557
156 561
157 549
158 562
159 574
160 546
161 524
162 532
163 559
164 543
165 538
166 553
167 555
168 542
169 543
170 545
171 573
172 547
173 569
174 563
175 573
176 538
177 551
178 543
179 575
180 544
181 545
182 566
183 578
184 556
185 564
186 617
187 600
188 629
189 632
190 676
191 634
192 676
193 607
194 646
195 631
196 632
197 589
198 600
199 623
200 587
201 599
202 603
203 609
204 615
205 611
206 617
207 632
208 590
209 595
210 613
211 612
212 593
213 606
214 630
215 632
216 595
217 606
218 615
219 635
220 606
221 604
222 598
223 640
224 601
225 583
226 609
227 610
228 600
229 618
230 604
231 610
232 596
233 595
234 595
235 627
236 590
237 606
238 599
239 614
240 597
241 597
242 595
243 607
244 599
245 607
246 608
247 624
248 599
249 596
250 595
251 631
252 590
253 597
254 605
255 620
256 650
257 671
258 619
259 642
260 646
261 638
262 656
263 651
264 653
265 652
266 643
267 668
268 649
269 644
270 657
271 662
272 625
273 650
274 648
275 670
276 647
277 676
278 655
279 684
280 836
281 730
282 738
283 713
284 773
285 706
286 705
287 708
288 677
289 666
290 675
291 713
292 656
293 671
294 682
295 717
296 673
297 700
298 702
299 698
300 680
301 707
302 706
303 696
304 665
305 688
306 689
307 684
308 699
309 701
310 713
311 709
312 713
313 688
314 678
315 725
316 722
317 703
318 701
319 714
320 665
321 670
322 679
323 684
324 690
325 692
326 708
327 688
328 679
329 684
330 667
331 693
332 704
333 706
334 679
335 705
336 689
337 697
338 692
339 708
340 667
341 704
342 717
343 718
344 693
345 707
346 711
347 705
348 698
349 713
350 713
351 719
352 685
353 704
354 664
355 691
356 703
357 694
358 674
359 704
360 680
361 692
362 717
363 703
364 731
365 739
366 721
367 718
368 695
369 696
370 788
371 796
372 873
373 774
374 927
375 801
376 947
377 893
378 920
379 865
380 920
381 859
382 924
383 888
384 932
385 818
386 841
387 829
388 874
389 867
390 905
391 885
392 908
393 875
394 903
395 894
396 870
397 851
398 865
399 912
400 860
401 836
402 843
403 858
404 889
405 865
406 891
407 863
408 844
409 849
410 854
411 863
412 847
413 876
414 858
415 916
416 846
417 851
418 850
419 880
420 861
421 860
422 849
423 857
424 832
425 860
426 854
427 860
428 877
429 891
430 864
431 869
432 831
433 832
434 836
435 870
436 824
437 853
438 861
439 878
440 809
441 821
442 864
443 878
444 868
445 858
446 851
447 882
448 831
449 860
450 829
451 855
452 844
453 863
454 863
455 866
456 852
457 853
458 847
459 878
460 883
461 871
462 867
463 898
464 869
465 910
466 902
467 911
468 904
469 910
470 915
471 929
472 886
473 887
474 889
475 894
476 843
477 850
478 918
479 896
480 837
481 854
482 865
483 852
484 851
485 870
486 839
487 889
488 835
489 860
490 884
491 890
492 889
493 871
494 881
495 904
496 820
497 866
498 830
499 870
500 879
501 871
502 884
503 918
504 832
505 849
506 848
507 899
508 871
509 892
510 897
511 911
512 914
513 870
514 860
515 868
516 891
517 882
518 886
519 886
520 883
521 896
522 894
523 908
524 886
525 882
526 2229
527 1381
528 1101
529 972
530 975
531 928
532 14159
533 905
534 902
535 919
536 901
537 893
538 943
539 941
540 955
541 16382
542 981
543 952
544 905
545 917
546 914
547 902
548 922
549 909
550 929
551 937
552 975
553 957
554 1061
555 1013
556 1155
557 1018
558 1309
559 1166
560 1366
561 1048
562 1223
563 1052
564 1240
565 1048
566 1199
567 1057
568 1179
569 1033
570 1151
571 1026
572 1162
573 1064
574 1100
575 14506
576 1068
577 984
578 1066
579 989
580 1051
581 1017
582 1049
583 1023
584 1040
585 1024
586 1025
587 1027
588 1050
589 1022
590 1049
591 1054
592 1019
593 976
594 1008
595 1027
596 1019
597 1031
598 1063
599 1033
600 1083
601 1060
602 1078
603 1028
604 1141
605 1055
606 1114
607 1051
608 1020
609 1004
610 1044
611 1022
612 1030
613 1011
614 997
615 1017
616 1062
617 1031
618 1017
619 1031
620 1085
621 1037
622 1053
623 1064
624 992
625 1016
626 1007
627 992
628 1060
629 1046
630 1080
631 1033
632 1047
633 1051
634 1096
635 1026
636 1061
637 1031
638 1086
639 1055
640 1032
641 1010
642 1076
643 1030
644 1004
645 1017
646 1038
647 1078
648 1036
649 1098
650 1125
651 1087
652 1175
653 1263
654 1063
655 1054
656 1147
657 1048
658 1108
659 1001
660 1072
661 1095
662 1122
663 1043
664 1126
665 1035
666 1072
667 1038
668 1037
669 1049
670 1089
671 1057
672 1075
673 1094
674 1072
675 1032
676 1105
677 1034
678 1079
679 1039
680 1066
681 1106
682 1076
683 1081
684 1107
685 1097
686 1097
687 1071
688 1110
689 1037
690 1043
691 1082
692 1073
693 1075
694 1055
695 1062
696 1017
697 1094
698 1054
699 1040
700 1115
701 1090
702 1080
703 1047
704 1081
705 1061
706 1028
707 1017
708 1023
709 1097
710 1085
711 1050
712 1093
713 1076
714 1013
715 1017
716 1061
717 1066
718 1088
719 1074
720 1033
721 1087
722 1020
723 1008
724 1047
725 1062
726 1054
727 1046
728 1112
729 1111
730 1081
731 1143
732 1101
733 1092
734 1127
735 1106
736 1106
737 1105
738 1128
739 1055
740 1336
741 1176
742 1533
743 1239
744 1706
745 1279
746 1405
747 1312
748 1671
749 1274
750 1425
751 1222
752 1805
753 1311
754 1469
755 1368
756 1566
757 3250
758 1438
759 1290
760 1741
761 1444
762 1384
763 1302
764 1459
765 1348
766 1355
767 1323
768 1572
769 1313
770 1364
771 1268
772 1322
773 1292
774 1292
775 1261
776 1421
777 1278
778 1413
779 1283
780 1388
781 1318
782 1414
783 1371
784 1535
785 1367
786 1426
787 1346
788 1363
789 1338
790 1344
791 1323
792 1439
793 2081
794 1431
795 1368
796 1400
797 1317
798 1421
799 1344
800 1363
801 1313
802 1392
803 1327
804 1381
805 1310
806 1412
807 1342
808 1520
809 1373
810 1519
811 1373
812 1457
813 1328
814 1430
815 1346
816 1392
817 1336
818 1430
819 1348
820 1421
821 1324
822 1479
823 1366
824 1390
825 1346
826 1432
827 1354
828 1415
829 1330
830 17364
831 1414
832 1497
833 1420
834 1466
835 1357
836 1475
837 1388
838 1466
839 1336
840 14579
841 1336
842 1435
843 1339
844 1382
845 1340
846 1479
847 1370
848 1440
849 1324
850 1393
851 1392
852 1348
853 1347
854 1371
855 1356
856 1420
857 1339
858 1448
859 1394
860 1478
861 1355
862 1410
863 1370
864 1384
865 1329
866 1366
867 1930
868 1359
869 1306
870 1467
871 1382
872 1394
873 1335
874 1360
875 1322
876 1310
877 1341
878 1417
879 1344
880 1401
881 1329
882 1435
883 1319
884 1466
885 1346
886 1387
887 1342
888 1321
889 1322
890 1360
891 1345
892 1384
893 1338
894 1412
895 1376
896 1339
897 1313
898 1364
899 1317
900 1329
901 1313
902 1429
903 1976
904 1437
905 1318
906 1475
907 1407
908 1369
909 1345
910 1396
911 1362
912 1415
913 1340
914 1412
915 1382
916 1379
917 1332
918 1431
919 1343
920 1477
921 1385
922 1504
923 1380
924 1533
925 1410
926 1799
927 1506
928 1878
929 1462
930 1652
931 1484
932 1806
933 1465
934 1698
935 1471
936 1728
937 1503
938 1714
939 1464
940 2340
941 1551
942 1709
943 1503
944 1693
945 1465
946 1656
947 1445
948 1702
949 1533
950 15006
951 1536
952 1675
953 1543
954 1638
955 1533
956 1606
957 1533
958 1550
959 15489
960 1600
961 1524
962 1570
963 1491
964 1518
965 1467
966 1536
967 1460
968 1540
969 1441
970 1594
971 1488
972 1622
973 1504
974 1570
975 1467
976 2115
977 1460
978 1566
979 1476
980 1624
981 1452
982 1623
983 1463
984 1832
985 1509
986 1641
987 1496
988 1664
989 1643
990 1764
991 1512
992 1715
993 1489
994 1644
995 1566
996 1618
997 1460
998 1681
999 1535
