0 76
1 69
2 501
3 244
4 260
5 208
6 236
7 231
8 274
9 268
10 270
11 279
12 281
13 283
14 276
15 286
16 306
17 314
18 314
19 322
20 307
21 320
22 331
23 324
24 324
25 326
26 322
27 338
28 316
29 332
30 335
31 336
32 359
33 365
34 365
35 386
36 367
37 383
38 382
39 399
40 371
41 377
42 376
43 389
44 377
45 400
46 376
47 383
48 394
49 381
50 389
51 401
52 368
53 391
54 386
55 402
56 389
57 391
58 382
59 410
60 387
61 391
62 389
63 392
64 440
65 439
66 427
67 431
68 412
69 428
70 427
71 444
72 411
73 422
74 425
75 439
76 425
77 439
78 443
79 455
80 435
81 438
82 433
83 463
84 435
85 453
86 459
87 480
88 440
89 448
90 431
91 444
92 434
93 439
94 470
95 525
96 507
97 483
98 476
99 472
100 447
101 450
102 452
103 461
104 440
105 438
106 443
107 469
108 453
109 453
110 472
111 462
112 439
113 446
114 442
115 456
116 443
117 453
118 467
119 476
120 444
121 460
122 446
123 461
124 439
125 470
126 449
127 459
128 485
129 474
130 475
131 480
132 473
133 492
134 485
135 496
136 467
137 480
138 493
139 496
140 493
141 495
142 501
143 510
144 478
145 478
146 507
147 518
148 483
149 504
150 508
151 525
152 496
153 502
154 501
155 531
156 518
157 522
158 497
159 514
160 489
161 491
162 483
163 514
164 486
165 503
166 500
167 519
168 496
169 504
170 500
171 531
172 507
173 509
174 496
175 513
176 492
177 508
178 509
179 528
180 493
181 513
182 500
183 510
184 488
185 503
186 579
187 534
188 639
189 619
190 657
191 601
192 572
193 511
194 541
195 532
196 546
197 510
198 526
199 516
200 519
201 530
202 515
203 528
204 516
205 523
206 544
207 541
208 512
209 510
210 520
211 526
212 517
213 527
214 535
215 565
216 523
217 532
218 541
219 548
220 539
221 539
222 550
223 547
224 511
225 515
226 515
227 531
228 514
229 537
230 531
231 547
232 515
233 523
234 532
235 536
236 540
237 545
238 539
239 541
240 506
241 523
242 534
243 546
244 513
245 538
246 550
247 543
248 513
249 534
250 537
251 548
252 535
253 537
254 540
255 549
256 559
257 543
258 545
259 551
260 540
261 556
262 556
263 568
264 547
265 554
266 558
267 569
268 555
269 566
270 590
271 589
272 551
273 578
274 562
275 564
276 558
277 578
278 576
279 609
280 896
281 708
282 617
283 668
284 723
285 630
286 610
287 624
288 578
289 590
290 591
291 602
292 561
293 589
294 600
295 623
296 583
297 594
298 592
299 604
300 574
301 614
302 637
303 649
304 577
305 595
306 604
307 605
308 611
309 620
310 627
311 642
312 603
313 611
314 599
315 620
316 622
317 608
318 598
319 625
320 577
321 585
322 591
323 607
324 596
325 601
326 613
327 627
328 606
329 592
330 585
331 615
332 626
333 621
334 611
335 637
336 605
337 621
338 604
339 623
340 581
341 609
342 645
343 615
344 587
345 623
346 616
347 640
348 586
349 605
350 620
351 631
352 597
353 606
354 592
355 609
356 610
357 618
358 598
359 638
360 584
361 603
362 616
363 627
364 609
365 615
366 633
367 628
368 608
369 594
370 698
371 715
372 799
373 701
374 877
375 762
376 863
377 759
378 762
379 709
380 842
381 735
382 749
383 743
384 719
385 681
386 679
387 699
388 702
389 682
390 696
391 680
392 723
393 685
394 693
395 681
396 708
397 710
398 710
399 707
400 702
401 708
402 705
403 703
404 695
405 720
406 710
407 727
408 710
409 694
410 710
411 732
412 702
413 718
414 739
415 753
416 700
417 694
418 710
419 721
420 700
421 708
422 719
423 724
424 703
425 728
426 711
427 722
428 716
429 724
430 726
431 732
432 694
433 709
434 715
435 717
436 721
437 739
438 716
439 727
440 702
441 713
442 722
443 732
444 725
445 726
446 737
447 741
448 683
449 679
450 677
451 699
452 692
453 713
454 699
455 710
456 675
457 704
458 723
459 729
460 697
461 720
462 720
463 751
464 724
465 747
466 791
467 819
468 751
469 760
470 750
471 755
472 733
473 725
474 715
475 722
476 717
477 716
478 732
479 743
480 697
481 697
482 710
483 725
484 731
485 719
486 740
487 745
488 689
489 712
490 703
491 721
492 724
493 735
494 733
495 738
496 681
497 698
498 711
499 722
500 695
501 700
502 718
503 735
504 688
505 703
506 704
507 724
508 733
509 734
510 726
511 740
512 748
513 722
514 724
515 734
516 706
517 721
518 723
519 760
520 715
521 723
522 722
523 748
524 726
525 757
526 748
527 1025
528 728
529 739
530 756
531 773
532 741
533 745
534 754
535 779
536 739
537 746
538 756
539 759
540 761
541 767
542 765
543 792
544 728
545 735
546 747
547 752
548 739
549 743
550 742
551 758
552 732
553 746
554 824
555 844
556 899
557 817
558 906
559 839
560 937
561 811
562 873
563 823
564 846
565 773
566 826
567 811
568 815
569 796
570 803
571 796
572 804
573 790
574 807
575 810
576 802
577 788
578 758
579 758
580 758
581 782
582 763
583 785
584 780
585 797
586 790
587 809
588 799
589 800
590 828
591 815
592 768
593 769
594 762
595 782
596 775
597 790
598 775
599 792
600 786
601 813
602 801
603 837
604 810
605 821
606 820
607 815
608 773
609 797
610 789
611 795
612 779
613 783
614 787
615 811
616 788
617 803
618 790
619 822
620 801
621 806
622 809
623 14441
624 790
625 799
626 809
627 830
628 811
629 819
630 816
631 835
632 789
633 813
634 806
635 820
636 814
637 824
638 834
639 831
640 790
641 772
642 765
643 792
644 789
645 782
646 784
647 814
648 829
649 918
650 831
651 892
652 856
653 1035
654 822
655 862
656 838
657 836
658 825
659 836
660 819
661 882
662 805
663 834
664 835
665 851
666 826
667 818
668 847
669 857
670 841
671 818
672 848
673 869
674 806
675 819
676 820
677 857
678 807
679 818
680 804
681 849
682 816
683 833
684 865
685 863
686 832
687 827
688 822
689 805
690 793
691 879
692 843
693 850
694 814
695 840
696 795
697 846
698 819
699 827
700 848
701 862
702 850
703 847
704 832
705 834
706 797
707 822
708 803
709 848
710 810
711 821
712 844
713 844
714 812
715 839
716 818
717 832
718 831
719 840
720 795
721 854
722 820
723 809
724 834
725 870
726 832
727 845
728 831
729 830
730 809
731 867
732 838
733 844
734 823
735 872
736 827
737 833
738 912
739 840
740 1013
741 865
742 1055
743 958
744 1179
745 1014
746 993
747 962
748 1117
749 977
750 1011
751 948
752 1137
753 970
754 1023
755 1006
756 1088
757 2028
758 1004
759 977
760 1110
761 985
762 1020
763 1009
764 1019
765 998
766 997
767 992
768 994
769 924
770 930
771 963
772 929
773 920
774 940
775 957
776 1039
777 967
778 979
779 981
780 948
781 975
782 978
783 964
784 1004
785 950
786 963
787 967
788 941
789 945
790 950
791 981
792 981
793 1608
794 973
795 971
796 972
797 962
798 989
799 987
800 974
801 966
802 969
803 982
804 980
805 964
806 968
807 972
808 956
809 988
810 984
811 978
812 950
813 970
814 982
815 975
816 946
817 947
818 963
819 987
820 962
821 990
822 985
823 1005
824 985
825 980
826 1000
827 1008
828 1007
829 1017
830 1673
831 1036
832 984
833 1002
834 1032
835 1028
836 974
837 981
838 1012
839 975
840 996
841 958
842 981
843 987
844 996
845 986
846 1001
847 998
848 963
849 963
850 980
851 988
852 989
853 977
854 985
855 1007
856 991
857 1005
858 1010
859 1010
860 971
861 989
862 993
863 1029
864 929
865 953
866 953
867 1642
868 974
869 986
870 971
871 988
872 980
873 1000
874 1003
875 1009
876 987
877 1011
878 1004
879 1013
880 968
881 973
882 981
883 1005
884 960
885 988
886 1007
887 1043
888 6530
889 1060
890 988
891 1007
892 992
893 1006
894 1002
895 1014
896 941
897 959
898 934
899 958
900 963
901 961
902 983
903 1728
904 983
905 1013
906 1006
907 994
908 966
909 977
910 989
911 976
912 947
913 958
914 981
915 969
916 974
917 988
918 1000
919 992
920 973
921 987
922 22869
923 1050
924 1015
925 996
926 1153
927 1045
928 1150
929 1019
930 1075
931 1061
932 1062
933 1031
934 1085
935 1078
936 1112
937 1019
938 1073
939 1053
940 1943
941 1067
942 1049
943 1039
944 1037
945 996
946 997
947 1014
948 974
949 1007
950 991
951 1023
952 1005
953 1006
954 1039
955 1043
956 1012
957 1016
958 1019
959 1037
960 961
961 987
962 996
963 1006
964 990
965 1004
966 1030
967 1032
968 983
969 1004
970 1005
971 1044
972 1019
973 1034
974 1024
975 1045
976 1605
977 1021
978 994
979 999
980 988
981 1007
982 997
983 1026
984 1010
985 1041
986 1020
987 1040
988 1013
989 1024
990 1014
991 1026
992 963
993 984
994 989
995 996
996 994
997 986
998 1000
999 1017
