0 81
1 82
2 447
3 321
4 279
5 311
6 238
7 225
8 253
9 234
10 261
11 249
12 256
13 267
14 268
15 256
16 291
17 288
18 302
19 296
20 303
21 298
22 316
23 301
24 296
25 302
26 313
27 320
28 303
29 295
30 314
31 313
32 349
33 348
34 335
35 341
36 339
37 355
38 351
39 355
40 358
41 358
42 347
43 372
44 347
45 357
46 373
47 372
48 471
49 456
50 429
51 413
52 424
53 445
54 395
55 379
56 391
57 386
58 367
59 390
60 394
61 369
62 388
63 395
64 435
65 416
66 435
67 428
68 417
69 415
70 426
71 428
72 420
73 427
74 408
75 403
76 408
77 417
78 427
79 429
80 432
81 422
82 417
83 437
84 414
85 432
86 430
87 432
88 434
89 434
90 429
91 443
92 484
93 492
94 512
95 554
96 631
97 544
98 664
99 505
100 532
101 508
102 474
103 463
104 561
105 479
106 504
107 468
108 488
109 475
110 481
111 472
112 497
113 468
114 464
115 488
116 484
117 463
118 483
119 475
120 489
121 460
122 475
123 480
124 480
125 495
126 491
127 485
128 533
129 518
130 516
131 526
132 504
133 493
134 497
135 514
136 510
137 517
138 520
139 522
140 535
141 561
142 576
143 538
144 571
145 535
146 528
147 561
148 505
149 502
150 518
151 538
152 515
153 513
154 530
155 524
156 518
157 519
158 507
159 525
160 532
161 546
162 528
163 531
164 516
165 525
166 524
167 535
168 510
169 518
170 523
171 537
172 515
173 528
174 524
175 528
176 510
177 523
178 532
179 502
180 517
181 535
182 527
183 513
184 606
185 601
186 731
187 771
188 973
189 677
190 883
191 716
192 920
193 742
194 772
195 695
196 887
197 727
198 725
199 682
200 801
201 681
202 723
203 703
204 737
205 658
206 680
207 687
208 769
209 672
210 692
211 670
212 721
213 655
214 680
215 681
216 714
217 692
218 693
219 689
220 690
221 671
222 690
223 680
224 700
225 689
226 692
227 700
228 668
229 682
230 685
231 680
232 683
233 718
234 752
235 676
236 753
237 690
238 723
239 708
240 711
241 709
242 709
243 716
244 673
245 669
246 696
247 689
248 727
249 724
250 712
251 697
252 686
253 701
254 696
255 697
256 747
257 719
258 725
259 736
260 715
261 731
262 741
263 733
264 709
265 710
266 715
267 689
268 729
269 720
270 735
271 733
272 701
273 721
274 727
275 736
276 704
277 685
278 786
279 845
280 998
281 900
282 1061
283 859
284 1012
285 799
286 947
287 820
288 1007
289 857
290 922
291 817
292 861
293 766
294 848
295 773
296 836
297 768
298 827
299 756
300 862
301 815
302 789
303 786
304 820
305 787
306 822
307 781
308 841
309 793
310 845
311 798
312 815
313 795
314 810
315 788
316 806
317 800
318 806
319 805
320 779
321 790
322 778
323 786
324 854
325 849
326 888
327 809
328 868
329 788
330 827
331 810
332 810
333 770
334 798
335 800
336 806
337 803
338 827
339 786
340 814
341 778
342 838
343 828
344 813
345 786
346 803
347 780
348 828
349 824
350 831
351 816
352 824
353 809
354 871
355 818
356 840
357 795
358 809
359 821
360 853
361 803
362 855
363 825
364 814
365 808
366 829
367 812
368 946
369 837
370 981
371 951
372 1350
373 996
374 1198
375 1015
376 1389
377 1022
378 1157
379 982
380 1372
381 1048
382 1091
383 988
384 1274
385 1022
386 1109
387 1004
388 1212
389 1015
390 1095
391 1001
392 1166
393 995
394 1057
395 996
396 1146
397 1016
398 1084
399 1051
400 1181
401 1057
402 1076
403 1021
404 1063
405 1006
406 1039
407 995
408 1152
409 1064
410 1072
411 1040
412 1111
413 1006
414 1013
415 989
416 1153
417 1102
418 1172
419 1064
420 1168
421 1036
422 1164
423 1042
424 1109
425 1024
426 1054
427 988
428 1036
429 1030
430 1025
431 995
432 1123
433 1022
434 1076
435 1032
436 1034
437 964
438 1031
439 1004
440 1129
441 1026
442 1069
443 1049
444 1097
445 1044
446 1072
447 1060
448 1125
449 1051
450 1091
451 1055
452 1055
453 981
454 1047
455 1020
456 1072
457 1056
458 1077
459 1072
460 1096
461 1007
462 1174
463 1104
464 1434
465 1168
466 1463
467 1179
468 1455
469 1129
470 1373
471 1137
472 1481
473 1239
474 1398
475 1166
476 1301
477 1168
478 1284
479 1089
480 1332
481 1111
482 1227
483 1123
484 1216
485 1091
486 1145
487 1114
488 1203
489 1066
490 1250
491 1109
492 1191
493 1087
494 1209
495 1163
496 1246
497 1126
498 1149
499 1104
500 1208
501 1096
502 1162
503 1111
504 1178
505 1104
506 1158
507 1100
508 1251
509 1126
510 2582
511 1843
512 1729
513 1328
514 1318
515 1178
516 1319
517 1159
518 1245
519 1135
520 1269
521 1148
522 1224
523 1182
524 1325
525 1132
526 1288
527 1183
528 1257
529 1101
530 1229
531 1119
532 1221
533 1160
534 1292
535 1169
536 1285
537 1178
538 1253
539 1125
540 1453
541 1278
542 1298
543 1156
544 1256
545 1122
546 1254
547 1152
548 1264
549 1128
550 1248
551 1152
552 1225
553 1107
554 1362
555 1424
556 1861
557 1461
558 1658
559 1339
560 1875
561 1388
562 1477
563 1276
564 1715
565 1326
566 1595
567 1299
568 1686
569 1338
570 1433
571 1317
572 1600
573 1351
574 1450
575 1285
576 1826
577 1420
578 1521
579 1362
580 1598
581 1350
582 1409
583 1233
584 1527
585 1235
586 1397
587 1268
588 1628
589 1300
590 1414
591 1249
592 1579
593 1365
594 1380
595 1285
596 1541
597 1296
598 1408
599 1325
600 1502
601 1414
602 1532
603 1359
604 1461
605 1297
606 1405
607 1309
608 1523
609 1338
610 1364
611 1284
612 1586
613 1389
614 1363
615 1306
616 1400
617 1324
618 1474
619 1312
620 1463
621 1280
622 1419
623 1345
624 1449
625 1256
626 1386
627 1319
628 1501
629 1339
630 1402
631 1283
632 1473
633 1329
634 1369
635 1307
636 1410
637 1288
638 1357
639 1295
640 1461
641 1328
642 1433
643 1312
644 1417
645 1297
646 1531
647 1363
648 1939
649 1476
650 1867
651 1580
652 1959
653 1453
654 1708
655 1467
656 1884
657 1487
658 1630
659 1410
660 1678
661 1484
662 1570
663 1388
664 1635
665 1430
666 1578
667 1434
668 1707
669 1456
670 1649
671 1462
672 1564
673 1444
674 1633
675 1417
676 1597
677 1408
678 1550
679 1408
680 1706
681 1406
682 1567
683 1396
684 1629
685 1462
686 1690
687 1473
688 1691
689 1398
690 1601
691 1424
692 1646
693 1515
694 1699
695 1531
696 1775
697 1492
698 1650
699 1461
700 1655
701 1512
702 1480
703 1398
704 1652
705 1433
706 1601
707 1536
708 1712
709 1537
710 1550
711 1402
712 1700
713 1471
714 1564
715 1422
716 1677
717 1482
718 1633
719 1414
720 1707
721 1485
722 1605
723 1441
724 1596
725 1416
726 1557
727 1470
728 1611
729 1429
730 1693
731 1507
732 1664
733 1493
734 1693
735 1461
736 1837
737 1492
738 1681
739 1610
740 2287
741 1760
742 2336
743 1730
744 2490
745 1793
746 2135
747 1766
748 2349
749 1784
750 1968
751 1716
752 2697
753 2032
754 2094
755 1793
756 2216
757 1864
758 2078
759 1803
760 2476
761 1883
762 2015
763 1750
764 2043
765 1727
766 1932
767 1806
768 2469
769 1867
770 1878
771 1762
772 2185
773 1771
774 2115
775 1800
776 2253
777 1893
778 2013
779 1838
780 2147
781 1815
782 2033
783 1853
784 2356
785 2016
786 2085
787 1830
788 2178
789 1830
790 2125
791 1881
792 2341
793 1911
794 2091
795 1821
796 2173
797 1869
798 1975
799 1866
800 2381
801 1866
802 2039
803 1803
804 1975
805 1810
806 2027
807 1849
808 2091
809 1889
810 2253
811 1869
812 2136
813 1792
814 1956
815 1785
816 2208
817 1861
818 2177
819 1953
820 2197
821 1834
822 2125
823 1797
824 2185
825 1911
826 2047
827 1888
828 2094
829 1775
830 2157
831 1922
832 2471
833 2046
834 2334
835 1946
836 2486
837 2020
838 2421
839 1910
840 2655
841 1980
842 2237
843 1961
844 2463
845 2061
846 2457
847 2005
848 2352
849 2003
850 2356
851 2046
852 2366
853 2016
854 2274
855 1964
856 2321
857 2024
858 2203
859 1939
860 2103
861 1934
862 2065
863 1882
864 2249
865 1850
866 2142
867 1889
868 2102
869 1897
870 2287
871 1933
872 2479
873 2042
874 2148
875 1964
876 2320
877 2001
878 2276
879 2069
880 2502
881 1998
882 2520
883 2047
884 2522
885 2170
886 2357
887 2056
888 2275
889 1942
890 2249
891 1984
892 2313
893 2023
894 2189
895 2026
896 2430
897 2104
898 2267
899 2066
900 2396
901 1987
902 2164
903 1916
904 2422
905 2003
906 2288
907 1938
908 2385
909 1956
910 2320
911 1990
912 2427
913 2039
914 2337
915 2078
916 2410
917 2073
918 2133
919 1944
920 2451
921 2033
922 2523
923 2143
924 2822
925 2186
926 2762
927 2233
928 3411
929 2638
930 2875
931 2281
932 3130
933 2370
934 2598
935 2295
936 3033
937 2399
938 2582
939 2303
940 2762
941 2304
942 2654
943 2225
944 3034
945 2388
946 2527
947 2217
948 2836
949 2337
950 2626
951 2318
952 2894
953 2376
954 2880
955 2365
956 2646
957 2272
958 2560
959 2313
960 2840
961 2332
962 2533
963 2284
964 2772
965 2599
966 2550
967 2240
968 2694
969 2270
970 2623
971 2337
972 2723
973 2324
974 2516
975 2268
976 2581
977 2282
978 2446
979 2227
980 2825
981 2336
982 2612
983 2290
984 2786
985 2350
986 2574
987 2288
988 2603
989 2209
990 2453
991 2216
992 2803
993 2381
994 2769
995 2308
996 2637
997 2293
998 2614
999 2244
