0 108
1 86
2 863
3 485
4 368
5 317
6 314
7 296
8 320
9 322
10 323
11 324
12 333
13 330
14 334
15 332
16 361
17 366
18 367
19 375
20 375
21 372
22 389
23 388
24 370
25 372
26 382
27 385
28 385
29 382
30 393
31 411
32 403
33 420
34 420
35 424
36 412
37 415
38 424
39 450
40 421
41 412
42 425
43 426
44 416
45 419
46 622
47 555
48 542
49 591
50 577
51 526
52 546
53 508
54 509
55 513
56 515
57 505
58 503
59 527
60 513
61 517
62 518
63 522
64 534
65 539
66 529
67 532
68 532
69 558
70 556
71 562
72 532
73 539
74 543
75 552
76 553
77 546
78 557
79 549
80 517
81 535
82 539
83 547
84 535
85 550
86 539
87 541
88 537
89 548
90 540
91 546
92 722
93 764
94 811
95 704
96 819
97 719
98 737
99 653
100 682
101 651
102 689
103 647
104 662
105 646
106 637
107 643
108 625
109 636
110 625
111 644
112 649
113 642
114 642
115 651
116 634
117 623
118 657
119 656
120 635
121 644
122 652
123 653
124 641
125 643
126 656
127 655
128 676
129 645
130 674
131 678
132 644
133 651
134 661
135 675
136 667
137 678
138 678
139 729
140 795
141 757
142 721
143 717
144 687
145 670
146 674
147 701
148 671
149 678
150 696
151 700
152 691
153 689
154 695
155 699
156 708
157 709
158 701
159 699
160 677
161 667
162 686
163 680
164 689
165 677
166 681
167 697
168 651
169 664
170 686
171 675
172 681
173 699
174 675
175 674
176 658
177 680
178 693
179 717
180 670
181 678
182 677
183 686
184 908
185 961
186 1008
187 934
188 1131
189 882
190 914
191 799
192 1023
193 822
194 912
195 804
196 875
197 782
198 807
199 816
200 868
201 813
202 859
203 823
204 818
205 788
206 793
207 806
208 842
209 823
210 856
211 854
212 772
213 789
214 816
215 808
216 821
217 789
218 806
219 816
220 806
221 799
222 828
223 812
224 818
225 826
226 817
227 829
228 837
229 818
230 811
231 886
232 825
233 827
234 849
235 829
236 851
237 827
238 843
239 856
240 824
241 823
242 847
243 829
244 815
245 813
246 797
247 819
248 812
249 817
250 801
251 830
252 807
253 825
254 830
255 848
256 875
257 859
258 846
259 857
260 848
261 845
262 881
263 863
264 822
265 829
266 834
267 857
268 841
269 834
270 835
271 841
272 837
273 841
274 848
275 872
276 940
277 1073
278 1314
279 1099
280 1350
281 1065
282 1158
283 991
284 1207
285 996
286 1121
287 983
288 1078
289 965
290 1111
291 937
292 992
293 952
294 1063
295 959
296 1046
297 945
298 1087
299 961
300 1045
301 949
302 967
303 933
304 1014
305 941
306 1026
307 953
308 1052
309 964
310 1050
311 987
312 995
313 971
314 1029
315 982
316 1019
317 983
318 1014
319 964
320 919
321 926
322 993
323 1064
324 1116
325 987
326 1041
327 982
328 987
329 957
330 978
331 955
332 972
333 951
334 995
335 973
336 964
337 935
338 977
339 939
340 997
341 938
342 991
343 963
344 984
345 950
346 1017
347 961
348 1030
349 951
350 982
351 965
352 980
353 948
354 1002
355 971
356 1002
357 949
358 995
359 967
360 1004
361 965
362 1022
363 974
364 996
365 970
366 994
367 986
368 1298
369 1198
370 1353
371 1189
372 1794
373 1353
374 1426
375 1165
376 1632
377 1202
378 1279
379 1125
380 1376
381 1126
382 1279
383 1164
384 1450
385 1137
386 1258
387 1162
388 1303
389 1098
390 1197
391 1091
392 1354
393 1149
394 1235
395 1123
396 1233
397 1148
398 1297
399 1171
400 1280
401 1151
402 1215
403 1142
404 1217
405 1115
406 1210
407 1131
408 1297
409 1147
410 1215
411 1148
412 1217
413 1132
414 1208
415 1178
416 1266
417 1175
418 1297
419 1195
420 1216
421 1153
422 1229
423 1137
424 1203
425 1160
426 1169
427 1140
428 1180
429 1095
430 1248
431 1164
432 1227
433 1144
434 1229
435 1176
436 1201
437 1133
438 1173
439 1142
440 1261
441 1188
442 1234
443 1167
444 1276
445 1151
446 1231
447 1177
448 1233
449 1157
450 1202
451 1148
452 1191
453 1144
454 1175
455 1134
456 1176
457 1150
458 1269
459 1156
460 1317
461 1165
462 1514
463 1461
464 1800
465 1424
466 1646
467 1419
468 1598
469 1263
470 1527
471 1272
472 1530
473 1270
474 1537
475 1266
476 1461
477 1343
478 1379
479 1391
480 1496
481 1332
482 1412
483 1306
484 1340
485 1274
486 1315
487 1266
488 1395
489 1269
490 1374
491 1295
492 1326
493 1246
494 1423
495 1312
496 1344
497 1306
498 1382
499 1289
500 1336
501 1327
502 1379
503 1333
504 1352
505 3102
506 2043
507 1674
508 1748
509 1412
510 1515
511 1368
512 1505
513 1330
514 1393
515 1289
516 1392
517 1345
518 1393
519 1313
520 1361
521 1261
522 1387
523 1329
524 1398
525 1245
526 1439
527 1326
528 1367
529 1319
530 1420
531 1312
532 1406
533 1379
534 1359
535 1319
536 1490
537 1299
538 1429
539 1347
540 1508
541 1355
542 1584
543 1341
544 1434
545 1433
546 1408
547 1330
548 1478
549 1248
550 1450
551 1334
552 1698
553 1504
554 1771
555 1576
556 2325
557 1781
558 1858
559 1604
560 2222
561 1577
562 1824
563 1544
564 2000
565 1664
566 1811
567 1582
568 1893
569 1525
570 1714
571 1505
572 1886
573 1634
574 1736
575 1568
576 1925
577 1587
578 1699
579 1523
580 1886
581 1604
582 1689
583 1555
584 1793
585 1542
586 1715
587 1583
588 1766
589 1508
590 1729
591 1550
592 1776
593 1623
594 1768
595 1545
596 1760
597 1685
598 1755
599 1574
600 1776
601 1586
602 1756
603 1647
604 1702
605 1529
606 1761
607 1552
608 1751
609 1525
610 1653
611 1525
612 1713
613 1526
614 1700
615 1585
616 1715
617 1632
618 1709
619 1548
620 1729
621 1625
622 1660
623 1606
624 1627
625 1502
626 1718
627 1608
628 1694
629 1585
630 1649
631 1632
632 1684
633 1542
634 1652
635 1518
636 1638
637 1586
638 1719
639 1646
640 1650
641 1521
642 1689
643 1584
644 1810
645 1544
646 1919
647 1606
648 2474
649 1953
650 2015
651 1698
652 2110
653 1790
654 1913
655 1688
656 2014
657 1735
658 1960
659 1735
660 1996
661 1665
662 1845
663 1643
664 1880
665 1654
666 1889
667 1701
668 2000
669 1686
670 1876
671 1652
672 1955
673 1662
674 1891
675 1616
676 1885
677 1756
678 1890
679 1727
680 1903
681 1670
682 1749
683 1640
684 1960
685 1735
686 1925
687 1716
688 1908
689 1719
690 1876
691 1689
692 2025
693 1822
694 1942
695 1732
696 1989
697 1836
698 1919
699 1716
700 1873
701 1657
702 1795
703 1614
704 1899
705 1752
706 1843
707 1692
708 1900
709 1708
710 1763
711 1659
712 1909
713 1712
714 1793
715 1657
716 1916
717 1628
718 1887
719 1748
720 1996
721 1727
722 1763
723 1732
724 1886
725 1691
726 1863
727 1760
728 1940
729 1718
730 1872
731 1837
732 1881
733 1823
734 1850
735 1721
736 2486
737 1889
738 2239
739 1934
740 2992
741 2317
742 2495
743 2076
744 3177
745 2410
746 2688
747 2188
748 2613
749 2074
750 2408
751 2024
752 3010
753 2246
754 2308
755 2012
756 2462
757 2025
758 2366
759 1956
760 2562
761 2105
762 2183
763 2029
764 2385
765 2120
766 2225
767 2080
768 2466
769 2050
770 2187
771 1946
772 2358
773 2031
774 2244
775 2054
776 2398
777 2089
778 2355
779 2012
780 2236
781 1978
782 2232
783 1971
784 2528
785 2222
786 2381
787 2019
788 2472
789 2163
790 2222
791 2004
792 2195
793 2002
794 2145
795 1990
796 2213
797 2010
798 2188
799 1997
800 2423
801 2103
802 2171
803 1948
804 2172
805 2008
806 2300
807 2002
808 2377
809 2101
810 2392
811 2070
812 2226
813 1981
814 2180
815 2026
816 2486
817 2115
818 2306
819 2028
820 2379
821 2001
822 2295
823 2012
824 2289
825 2024
826 2132
827 2017
828 2374
829 2047
830 2384
831 2208
832 2855
833 2343
834 2579
835 2194
836 2799
837 2285
838 2689
839 2287
840 2639
841 2199
842 2531
843 2155
844 2741
845 2200
846 2481
847 2142
848 2563
849 2221
850 2626
851 2186
852 2632
853 2271
854 2455
855 2213
856 2534
857 2181
858 2337
859 2145
860 2557
861 2188
862 2316
863 2105
864 2492
865 2156
866 2337
867 2165
868 2491
869 2143
870 2565
871 2219
872 2460
873 2123
874 2347
875 2113
876 2535
877 2251
878 2483
879 2195
880 2762
881 2360
882 2668
883 2262
884 2699
885 2179
886 2479
887 2224
888 2529
889 2237
890 2662
891 2234
892 2457
893 2227
894 2463
895 2156
896 2472
897 2088
898 2467
899 2125
900 2500
901 2088
902 2360
903 2112
904 2637
905 2168
906 2576
907 2253
908 2590
909 2190
910 2562
911 2267
912 2671
913 2157
914 2489
915 2164
916 2477
917 2184
918 2456
919 2122
920 2760
921 2270
922 2760
923 2455
924 3424
925 6139
926 3042
927 2652
928 3762
929 2914
930 2976
931 2422
932 3244
933 2568
934 2981
935 2487
936 3283
937 2586
938 2642
939 2426
940 3161
941 2623
942 3002
943 2657
944 3268
945 2635
946 2869
947 2461
948 3090
949 2635
950 3016
951 2613
952 3093
953 2618
954 2882
955 2479
956 2929
957 2476
958 2773
959 2497
960 3215
961 2564
962 2921
963 2464
964 2895
965 2462
966 2843
967 2437
968 2961
969 2641
970 2891
971 2612
972 2798
973 2554
974 2744
975 2436
976 2889
977 2442
978 2768
979 3345
980 3149
981 2635
982 2869
983 2463
984 3027
985 2645
986 2854
987 2465
988 3028
989 2600
990 2884
991 2471
992 3064
993 2570
994 2877
995 2489
996 2980
997 2588
998 2701
999 2413
