0 119
1 51
2 497
3 289
4 311
5 267
6 243
7 232
8 282
9 291
10 295
11 305
12 297
13 295
14 297
15 294
16 341
17 342
18 327
19 321
20 359
21 364
22 355
23 356
24 365
25 358
26 350
27 352
28 365
29 354
30 356
31 330
32 411
33 406
34 394
35 397
36 387
37 417
38 409
39 402
40 405
41 416
42 414
43 433
44 396
45 396
46 414
47 414
48 536
49 553
50 485
51 498
52 493
53 469
54 485
55 482
56 473
57 493
58 471
59 486
60 472
61 479
62 477
63 487
64 517
65 527
66 523
67 531
68 492
69 508
70 519
71 526
72 526
73 525
74 497
75 519
76 504
77 510
78 525
79 539
80 541
81 557
82 516
83 547
84 519
85 524
86 520
87 532
88 533
89 545
90 531
91 549
92 615
93 575
94 636
95 633
96 698
97 602
98 748
99 648
100 677
101 606
102 627
103 596
104 615
105 602
106 621
107 613
108 623
109 625
110 629
111 624
112 632
113 620
114 622
115 645
116 595
117 608
118 606
119 635
120 605
121 620
122 605
123 633
124 609
125 648
126 632
127 635
128 670
129 666
130 657
131 676
132 642
133 643
134 646
135 668
136 627
137 638
138 659
139 669
140 675
141 696
142 694
143 667
144 714
145 705
146 675
147 695
148 635
149 647
150 652
151 671
152 641
153 661
154 659
155 666
156 666
157 675
158 659
159 675
160 679
161 686
162 668
163 679
164 644
165 675
166 672
167 668
168 638
169 663
170 667
171 681
172 655
173 667
174 670
175 684
176 666
177 684
178 692
179 658
180 644
181 654
182 660
183 661
184 831
185 796
186 848
187 804
188 876
189 712
190 904
191 815
192 943
193 748
194 858
195 756
196 889
197 774
198 836
199 825
200 787
201 775
202 802
203 798
204 775
205 803
206 766
207 791
208 821
209 809
210 805
211 802
212 758
213 762
214 768
215 782
216 790
217 802
218 820
219 791
220 773
221 783
222 810
223 812
224 801
225 788
226 798
227 818
228 786
229 786
230 789
231 794
232 784
233 818
234 864
235 826
236 870
237 820
238 841
239 822
240 826
241 814
242 828
243 802
244 769
245 776
246 819
247 788
248 805
249 797
250 800
251 797
252 792
253 809
254 812
255 806
256 4486
257 902
258 853
259 863
260 818
261 823
262 848
263 846
264 818
265 827
266 840
267 838
268 887
269 853
270 860
271 857
272 823
273 822
274 836
275 817
276 796
277 801
278 960
279 1011
280 1233
281 1128
282 1247
283 1027
284 1170
285 953
286 1167
287 1163
288 1281
289 1013
290 1151
291 990
292 1076
293 922
294 992
295 995
296 1006
297 972
298 1033
299 1001
300 1039
301 979
302 955
303 961
304 967
305 953
306 1006
307 982
308 1058
309 967
310 1038
311 980
312 980
313 922
314 1017
315 996
316 991
317 975
318 973
319 1013
320 1061
321 976
322 974
323 995
324 1057
325 1056
326 1109
327 994
328 1056
329 982
330 1026
331 1007
332 1005
333 981
334 998
335 976
336 998
337 983
338 1031
339 986
340 1025
341 992
342 1034
343 1008
344 1027
345 981
346 1020
347 1010
348 1059
349 984
350 1033
351 1011
352 1032
353 1004
354 1067
355 1052
356 1014
357 990
358 972
359 981
360 1042
361 1145
362 1108
363 978
364 987
365 956
366 1015
367 1003
368 1173
369 1069
370 1184
371 1131
372 1468
373 1122
374 1380
375 1125
376 1457
377 1116
378 1324
379 1134
380 1410
381 1125
382 1315
383 1105
384 1403
385 1140
386 1325
387 1165
388 1311
389 1122
390 1267
391 1136
392 1421
393 1135
394 1213
395 1136
396 1323
397 1198
398 1253
399 1159
400 1270
401 1189
402 1209
403 1121
404 1172
405 1122
406 1237
407 1127
408 1274
409 1166
410 1245
411 1126
412 1198
413 1121
414 1223
415 1184
416 1228
417 1168
418 1279
419 1171
420 1297
421 1203
422 1204
423 1165
424 1222
425 1146
426 1207
427 1114
428 1209
429 1171
430 1204
431 1160
432 1310
433 1205
434 1242
435 1214
436 1224
437 1121
438 1170
439 1191
440 1246
441 1166
442 1260
443 1186
444 1219
445 1146
446 1204
447 1162
448 1262
449 1151
450 1198
451 1186
452 1214
453 1158
454 1209
455 1147
456 1230
457 1163
458 1197
459 1211
460 1305
461 1183
462 1409
463 1488
464 1718
465 1346
466 1547
467 1379
468 1668
469 1360
470 1450
471 1340
472 1575
473 1385
474 1538
475 1353
476 1473
477 1260
478 1471
479 1304
480 1442
481 1299
482 1350
483 1312
484 1348
485 1220
486 1355
487 1271
488 1321
489 1277
490 1428
491 1277
492 1319
493 1319
494 1339
495 1372
496 1370
497 1321
498 1332
499 1304
500 1369
501 1363
502 1334
503 1590
504 1396
505 1273
506 1357
507 1290
508 1458
509 1380
510 1421
511 1366
512 1478
513 1389
514 1392
515 1380
516 1365
517 1312
518 1430
519 1347
520 1376
521 1399
522 1347
523 1329
524 1415
525 1355
526 1434
527 1371
528 1374
529 1290
530 1402
531 1293
532 1363
533 1335
534 1394
535 1358
536 1470
537 1316
538 1437
539 1336
540 1509
541 1486
542 1451
543 1384
544 1422
545 1396
546 1420
547 1350
548 1416
549 1345
550 1409
551 1317
552 1349
553 1308
554 1482
555 1431
556 1917
557 1474
558 1918
559 1563
560 2006
561 1608
562 1818
563 1579
564 1923
565 1639
566 1871
567 1585
568 1893
569 1602
570 1665
571 1542
572 1836
573 1541
574 1729
575 1524
576 2037
577 1549
578 1884
579 1517
580 1782
581 1568
582 1944
583 1532
584 1797
585 1490
586 1776
587 1515
588 1682
589 1624
590 1744
591 1602
592 1738
593 1630
594 1737
595 1633
596 1876
597 1539
598 1756
599 1558
600 1838
601 1673
602 1770
603 1607
604 1771
605 1549
606 1676
607 1578
608 1767
609 1545
610 1650
611 1512
612 1698
613 1582
614 1634
615 1653
616 1627
617 1584
618 1727
619 1569
620 1685
621 1541
622 1573
623 1580
624 1695
625 1582
626 1702
627 1594
628 1678
629 1541
630 1691
631 1590
632 1730
633 1602
634 1613
635 1581
636 1678
637 1609
638 1602
639 1584
640 1729
641 1602
642 1737
643 1606
644 1753
645 1634
646 1813
647 1735
648 2288
649 1742
650 2304
651 1835
652 2226
653 1677
654 1963
655 1654
656 2077
657 1802
658 2000
659 1782
660 2032
661 1796
662 1922
663 1683
664 1914
665 1713
666 1799
667 1665
668 1980
669 1728
670 1925
671 1714
672 1793
673 1683
674 1945
675 1648
676 1895
677 1649
678 1807
679 1666
680 2030
681 1789
682 1772
683 1657
684 1878
685 1754
686 1914
687 1750
688 1933
689 1745
690 1966
691 1767
692 1953
693 1738
694 1979
695 1721
696 1938
697 1766
698 1872
699 1823
700 1988
701 1806
702 1718
703 1729
704 1952
705 1679
706 1878
707 1716
708 1894
709 1746
710 1770
711 1744
712 1944
713 1730
714 1735
715 1692
716 1831
717 1707
718 1865
719 1724
720 1999
721 1794
722 1878
723 1758
724 1825
725 1663
726 1865
727 1752
728 1901
729 1658
730 1945
731 1671
732 1852
733 1688
734 1938
735 1707
736 2137
737 1856
738 1924
739 1900
740 2695
741 2081
742 2547
743 2038
744 2907
745 2209
746 2542
747 2071
748 2613
749 2164
750 2436
751 2077
752 2911
753 2280
754 2409
755 2108
756 2470
757 2108
758 2397
759 2059
760 2600
761 2093
762 2246
763 1994
764 2352
765 1961
766 2108
767 2004
768 2543
769 2081
770 2157
771 1949
772 2403
773 2049
774 2280
775 2065
776 2414
777 2186
778 2309
779 2021
780 2397
781 2037
782 2159
783 2036
784 2523
785 2120
786 2307
787 2092
788 2483
789 2127
790 2358
791 2070
792 2407
793 2065
794 2220
795 2143
796 2340
797 2290
798 2227
799 2088
800 2373
801 2052
802 2291
803 2026
804 2152
805 1957
806 2265
807 2014
808 2356
809 2070
810 2391
811 2065
812 2400
813 2043
814 2169
815 2008
816 2353
817 1997
818 2344
819 2087
820 2403
821 2056
822 2400
823 4277
824 2458
825 2104
826 2223
827 2046
828 2430
829 2046
830 2383
831 2216
832 2782
833 2297
834 2672
835 2243
836 2806
837 2281
838 2750
839 2250
840 2887
841 2270
842 2510
843 2143
844 2804
845 2253
846 2650
847 2227
848 2632
849 2308
850 2752
851 2341
852 2717
853 2220
854 2601
855 2208
856 2573
857 2173
858 2494
859 2229
860 2374
861 2137
862 2444
863 2207
864 2477
865 2131
866 3149
867 2201
868 2382
869 2172
870 2668
871 2362
872 2610
873 2273
874 2375
875 2154
876 2515
877 2203
878 2481
879 2174
880 2774
881 2290
882 2679
883 2366
884 2723
885 2267
886 2610
887 2251
888 2412
889 2197
890 2618
891 2309
892 2658
893 2397
894 2468
895 2270
896 2522
897 2253
898 2524
899 2193
900 2563
901 2172
902 2323
903 2160
904 2635
905 2263
906 2580
907 2232
908 3373
909 2359
910 2604
911 2369
912 2665
913 2265
914 2543
915 2248
916 2607
917 2243
918 2306
919 2128
920 2742
921 2228
922 2801
923 2353
924 3120
925 2482
926 3053
927 2593
928 3620
929 2951
930 3166
931 2497
932 3370
933 2651
934 3066
935 2557
936 3514
937 2788
938 2889
939 2537
940 3066
941 2559
942 2996
943 2622
944 3369
945 2810
946 2842
947 2460
948 3176
949 2515
950 3034
951 2605
952 3244
953 2773
954 3003
955 2616
956 2936
957 2609
958 3806
959 2620
960 3188
961 2484
962 2683
963 2467
964 3146
965 2526
966 2820
967 2478
968 2955
969 2565
970 3171
971 2784
972 2987
973 2655
974 2868
975 2661
976 2883
977 2500
978 2774
979 2564
980 3105
981 2617
982 2828
983 2508
984 3208
985 2608
986 2971
987 2628
988 2971
989 2599
990 2744
991 2493
992 3258
993 2685
994 3060
995 2581
996 2984
997 2557
998 2835
999 2528
