0 240
1 43
2 11508
3 9545
4 10052
5 9653
6 8982
7 10032
8 8987
9 10096
10 10289
11 9899
12 10165
13 9866
14 10139
15 9794
16 9967
17 11500
18 12026
19 11537
20 10052
21 11565
22 12488
23 12756
24 12427
25 12895
26 12669
27 12337
28 12640
29 13134
30 12890
31 12493
32 10455
33 9676
34 9735
35 11345
36 10159
37 10102
38 10332
39 11439
40 11879
41 11527
42 14340
43 10578
44 12118
45 10014
46 10693
47 12651
48 12117
49 11215
50 11682
51 13374
52 14839
53 15667
54 12819
55 15102
56 12889
57 14262
58 11780
59 14601
60 9840
61 12755
62 14394
63 10691
64 13237
65 11589
66 13602
67 13722
68 13211
69 11059
70 14266
71 11742
72 10704
73 10254
74 11694
75 10377
76 15595
77 13363
78 10549
79 11186
80 8908
81 12114
82 13554
83 13794
84 15432
85 15766
86 14158
87 15013
88 14744
89 12754
90 14679
91 11416
92 14646
93 11301
94 14049
95 13795
96 13592
97 13262
98 11829
99 10095
100 10774
101 11312
102 11830
103 11241
104 15075
105 11691
106 11453
107 7313
108 7169
109 9894
110 12351
111 8180
112 7113
113 7223
114 7081
115 7218
116 7133
117 7507
118 7240
119 7127
120 7251
121 7151
122 7104
123 7172
124 7103
125 7148
126 7158
127 7295
128 7349
129 7088
130 7057
131 7192
132 7118
133 11093
134 10410
135 11394
136 13346
137 10484
138 10894
139 10955
140 7589
141 7496
142 7340
143 7290
144 7325
145 7172
146 7323
147 7264
148 7130
149 7097
150 7188
151 7146
152 7346
153 7201
154 7131
155 7298
156 7309
157 7205
158 7132
159 7276
160 7181
161 7109
162 7197
163 7175
164 7105
165 7230
166 7204
167 7129
168 7215
169 7149
170 7123
171 7265
172 7164
173 7351
174 7183
175 7094
176 7071
177 7102
178 35274
179 7298
180 7280
181 7115
182 7194
183 7123
184 7601
185 7422
186 7699
187 7722
188 7887
189 7548
190 7598
191 7713
192 7658
193 7413
194 7425
195 7263
196 7510
197 7316
198 7264
199 7284
200 7440
201 7373
202 7348
203 7346
204 7409
205 7341
206 7303
207 7420
208 7420
209 7353
210 7423
211 7290
212 7311
213 7385
214 7394
215 7249
216 7308
217 7383
218 7352
219 7277
220 7312
221 7308
222 7350
223 7304
224 7387
225 7335
226 7407
227 7343
228 7384
229 7423
230 7422
231 7630
232 7516
233 7591
234 7506
235 7375
236 7354
237 7451
238 7374
239 7262
240 7371
241 7276
242 7468
243 7270
244 7350
245 7268
246 7256
247 7326
248 7339
249 7421
250 7516
251 7404
252 7243
253 7325
254 7334
255 7324
256 7365
257 7378
258 7302
259 7350
260 7264
261 7535
262 7504
263 7372
264 7366
265 7168
266 7342
267 7287
268 7414
269 7316
270 7456
271 7337
272 7350
273 7384
274 7406
275 7341
276 7504
277 8032
278 9007
279 8325
280 8168
281 7844
282 8015
283 7684
284 7870
285 7676
286 7689
287 7738
288 7812
289 7635
290 7636
291 7478
292 7829
293 7649
294 7728
295 7452
296 7717
297 7513
298 7762
299 7527
300 7683
301 7944
302 7640
303 7523
304 7870
305 7596
306 7828
307 7511
308 7645
309 7546
310 7623
311 7599
312 7642
313 7669
314 7710
315 7521
316 7598
317 7620
318 7782
319 7548
320 7521
321 7530
322 7608
323 7705
324 7979
325 7846
326 7825
327 7694
328 7728
329 7694
330 7637
331 7812
332 7698
333 7643
334 7934
335 7716
336 7968
337 7885
338 7864
339 7777
340 7698
341 7842
342 8361
343 8144
344 7881
345 7917
346 7747
347 7865
348 7883
349 7822
350 7874
351 7997
352 8110
353 7819
354 7789
355 7807
356 7840
357 7751
358 8130
359 7487
360 7614
361 7677
362 7667
363 7734
364 8086
365 7996
366 7683
367 7665
368 8828
369 7906
370 8543
371 8340
372 8679
373 8115
374 8504
375 8417
376 8731
377 8040
378 8124
379 8764
380 8589
381 8261
382 8287
383 8406
384 8547
385 8073
386 8052
387 7934
388 8462
389 8030
390 8624
391 7789
392 8186
393 8064
394 8128
395 8121
396 8203
397 7881
398 8237
399 8018
400 8176
401 7965
402 8076
403 8050
404 8300
405 7889
406 8325
407 8195
408 8321
409 7957
410 8447
411 7907
412 7951
413 7986
414 8067
415 7921
416 8043
417 8387
418 8233
419 8079
420 8107
421 7833
422 8011
423 8207
424 8241
425 7852
426 7823
427 8341
428 7909
429 7941
430 7988
431 7813
432 7958
433 7886
434 7985
435 7987
436 7859
437 7855
438 7865
439 8074
440 7985
441 8006
442 8017
443 7899
444 7923
445 8123
446 7920
447 8049
448 8151
449 7945
450 8224
451 7827
452 7846
453 8246
454 8010
455 7868
456 8183
457 8387
458 8670
459 7946
460 8492
461 7839
462 9159
463 9413
464 9827
465 8716
466 8933
467 8569
468 8925
469 8623
470 9251
471 8484
472 8976
473 8176
474 8682
475 8503
476 8578
477 8337
478 8453
479 8423
480 8534
481 8243
482 8489
483 8622
484 8408
485 8423
486 8401
487 8631
488 8530
489 8355
490 8485
491 8169
492 8360
493 8216
494 8608
495 8316
496 8609
497 8339
498 8525
499 8620
500 8553
501 8297
502 8332
503 8485
504 10969
505 13209
506 12575
507 13047
508 13259
509 13134
510 13293
511 12490
512 12445
513 8451
514 8546
515 8564
516 8606
517 8387
518 8689
519 10485
520 12340
521 12434
522 14104
523 12049
524 11749
525 12000
526 12910
527 14136
528 14940
529 12908
530 13917
531 12047
532 8524
533 8157
534 8480
535 8210
536 8642
537 8172
538 8479
539 8228
540 8643
541 8352
542 8389
543 8208
544 8475
545 8190
546 8659
547 8148
548 8386
549 8290
550 8532
551 8333
552 9166
553 8500
554 9128
555 8756
556 10234
557 9140
558 9230
559 8984
560 9715
561 9014
562 9346
563 8638
564 10403
565 13289
566 13114
567 13179
568 14021
569 14024
570 12906
571 12964
572 14115
573 13834
574 11496
575 13693
576 15499
577 15353
578 15748
579 12325
580 14832
581 15372
582 13278
583 8775
584 10876
585 15774
586 14749
587 11096
588 15155
589 13605
590 14460
591 14441
592 13854
593 12078
594 13833
595 13322
596 15193
597 12570
598 13639
599 14985
600 15499
601 15671
602 17509
603 16070
604 17275
605 15258
606 16673
607 17044
608 15800
609 15526
610 17169
611 15509
612 13030
613 13294
614 13023
615 12759
616 13353
617 12697
618 15601
619 17368
620 15528
621 25750
622 15492
623 16857
624 15823
625 15227
626 15168
627 15093
628 16242
629 15581
630 15682
631 12995
632 16049
633 15449
634 18000
635 19205
636 15747
637 15572
638 16292
639 15290
640 15253
641 19363
642 15363
643 15542
644 15907
645 18132
646 21430
647 17599
648 17455
649 16461
650 17512
651 16233
652 19113
653 16301
654 17604
655 17306
656 16927
657 15304
658 18549
659 15835
660 18952
661 16648
662 19967
663 18376
664 16418
665 13872
666 15988
667 13867
668 15265
669 14141
670 13680
671 12454
672 15160
673 13694
674 13847
675 16652
676 17955
677 13631
678 13478
679 19734
680 14877
681 9121
682 9208
683 8804
684 10251
685 8928
686 9298
687 8884
688 9375
689 8817
690 9294
691 8933
692 9582
693 9208
694 9492
695 9056
696 9660
697 8813
698 9295
699 8977
700 9391
701 9277
702 9455
703 8937
704 9584
705 9421
706 9169
707 8977
708 9265
709 8982
710 9106
711 9042
712 9328
713 8878
714 9261
715 9024
716 9351
717 8911
718 9231
719 8866
720 9273
721 8933
722 9175
723 8893
724 9169
725 9275
726 9129
727 8921
728 9603
729 9130
730 9328
731 8968
732 9493
733 8947
734 9041
735 9153
736 10606
737 9412
738 10130
739 9428
740 11451
741 10075
742 10196
743 11974
744 15603
745 14271
746 15866
747 13985
748 15607
749 13423
750 10006
751 9495
752 11042
753 10037
754 10051
755 9613
756 10186
757 9452
758 9946
759 9365
760 10324
761 9540
762 9639
763 9354
764 9989
765 9448
766 9742
767 9606
768 10677
769 9463
770 9797
771 9440
772 10036
773 9437
774 9977
775 9438
776 10069
777 9467
778 10137
779 9636
780 10118
781 9725
782 9950
783 9199
784 10472
785 9386
786 10290
787 9621
788 10506
789 9633
790 9995
791 9740
792 10041
793 9875
794 10115
795 9668
796 9804
797 9528
798 9783
799 9636
800 10285
801 9786
802 10171
803 9426
804 9733
805 9403
806 9870
807 9754
808 10493
809 9596
810 9995
811 9662
812 9868
813 9722
814 9703
815 9443
816 10379
817 9826
818 10510
819 9813
820 10243
821 9668
822 10065
823 9649
824 10128
825 9996
826 10373
827 9564
828 10167
829 9578
830 10072
831 10295
832 12193
833 10282
834 10730
835 9946
836 10837
837 10686
838 10667
839 10141
840 10446
841 9856
842 10493
843 10209
844 11321
845 10318
846 10810
847 10371
848 10591
849 9885
850 10576
851 9667
852 10598
853 9901
854 10547
855 13078
856 21645
857 22423
858 11906
859 9669
860 10159
861 9935
862 9994
863 9820
864 10233
865 10024
866 10187
867 9942
868 10432
869 10008
870 10340
871 9849
872 10550
873 9657
874 10143
875 10111
876 10395
877 9713
878 10491
879 10521
880 10973
881 10001
882 10163
883 9952
884 10995
885 10677
886 10684
887 10294
888 10406
889 9715
890 10817
891 9471
892 10206
893 9965
894 10355
895 9736
896 10218
897 9769
898 10256
899 9693
900 10034
901 9698
902 10091
903 9849
904 10333
905 9708
906 10274
907 9691
908 10389
909 9598
910 10376
911 10008
912 10534
913 9914
914 10473
915 10211
916 10123
917 10086
918 10364
919 9596
920 10778
921 9831
922 10982
923 10265
924 11782
925 10952
926 11294
927 10571
928 12074
929 10956
930 11023
931 10432
932 11417
933 10399
934 11410
935 10703
936 11624
937 11094
938 10657
939 9860
940 11659
941 10373
942 11052
943 10356
944 11557
945 10544
946 11359
947 10422
948 11231
949 10214
950 10928
951 10658
952 27834
953 10368
954 10645
955 10475
956 10982
957 10233
958 10840
959 10256
960 10940
961 10164
962 10987
963 10025
964 11021
965 10311
966 10680
967 10175
968 10735
969 10375
970 10752
971 10427
972 10877
973 10074
974 10535
975 10107
976 10853
977 10437
978 10636
979 10187
980 11182
981 10392
982 11387
983 10134
984 10780
985 9986
986 10956
987 10412
988 10945
989 10457
990 11245
991 10100
992 11044
993 10577
994 10752
995 10865
996 11143
997 10434
998 10645
999 10202
